CY	BAC	CHL	DIP	DOP	SI	DIN	DON
0,04	1,56	0,03	0,002	0,029	1	0,109	0,481
0	0,63	0,01	0,004	0,031	1,4	0,165	0,585
0,08	1,96	0,08	0,017	0,052	2,4	0,429	0,571
0,04	0,71	0,03	0,006	0,043	1,7	0,842	0,758
0,06	0,3	0,04	0,004	0,023	0,96	0,11	0,36
0,06	1,57	0,03	0,002	0,02	1,1	0,112	0,298
0,79	2,49	0,1	0,002	0,02	0,9	0,111	0,479
0,11	2,31	0,04	0,01	0,05	0,63	0,159	0,721
0,53	0,85	0,19	0,009	0,05	1,1	0,522	0,878
1,82	2,23	0,13	0,004	0,035	0,48	0,062	0,498
8,13	4,97	0,22	0,006	0,02	0,84	0,061	0,489
2,87	2,11	0,09	0,002	0,021	0,37	0,059	0,391
4,38	2,63	1,35	0,027	0,066	1,6	0,162	0,638
1,16	0,23	0,04	0,023	0,026	2,7	0,652	0,848
4,16	1,68	0,11	0,013	0,041	0,64	0,058	0,352
5,58	1,75	0,24	0,009	0,043	0,95	0,059	0,371
6,26	2,45	0,16	0,009	0,044	0,43	0,061	0,449
3,95	1,32	0,09	0,041	0,093	1,9	0,148	0,732
3,15	1,33	0,68	0,01	0,057	0,79	0,063	0,507
1,55	11,95	0,067	0,024	0,072	0,56	0,123	0,647
1,28	7,31	0,148	0,035	0,085	0,96	0,145	0,655
2,16	1,97	0,432	0,024	0,06	0,81	0,107	0,323
0,56	9,88	0,096	0,019	0,049	1,2	0,119	0,441
3,34	1,92	0,433	0,017	0,051	1,2	0,118	0,512
0,708	4,58	0,3	0,028	0,07	1,2	0,149	0,491
0,85	8,67	0,29	0,031	0,072	1	0,134	0,466
3,342	1,92	0,43	0,022	0,044	1,1	0,185	0,655
1,552	11,95	0,07	0,032	0,059	0,1	0,116	0,734
1,582	30,55	0,14	0,006	0,051	0,69	0,158	0,762
0,7	6,09	0,3	0,021	0,055	1,3	0,108	1,492
0,73	3,27	0,23	0,032	0,052	1,4	0,105	1,595
0,99	5,85	0,39	0,017	0,06	1,4	0,13	1,37
0,89	19,94	0,12	0,018	0,071	0,81	0,221	1,479
0	0,355	0,035	0,008	0,02	1	0,074	0,296
0,01	0,937	0,015	0,017	0,031	1,9	0,14	0,24
0	0,808	0,111	0,017	0,033	2,9	0,347	0,343
0,019	0,035	0,035	0,019	0,036	2	0,631	0,189
0,023	0,001	0,083	0,009	0,031	0,62	0,283	0,377
0,634	9,507	0,064	0,004	0,039	0,1	0,06	0,6
0,237	7,478	0,095	0,005	0,05	0,73	0,057	0,403
0,11	11,615	0,175	0,008	0,053	0,12	0,151	0,679
0,062	5,616	0,172	0,012	0,057	1,1	0,301	0,499
0,236	11,597	0,408	0,017	0,072	0,15	0,214	0,636
0,417	0,542	0,167	0,002	0,021	0,26	0,063	0,427
0,028	0,347	0,11	0,002	0,02	0,23	0,062	0,338
0,238	0,151	0,061	0,002	0,017	0,16	0,067	0,403
0,318	0,412	0,065	0,003	0,038	0,57	0,062	0,398
0,34	0,045	0,139	0,002	0,024	0,36	0,08	0,42
2,766	0,75	0,142	0,006	0,039	0,95	0,06	0,46
3,919	1,63	0,14	0,002	0,044	0,75	0,056	0,464
4,652	1,518	0,215	0,006	0,037	1,1	0,057	0,433
6,06	4,456	0,288	0,025	0,067	1,7	0,13	0,47
6,168	2,136	0,338	0,009	0,05	1,1	0,085	0,605
8,285	2,701	0,089	0,004	0,069	0,75	0,061	0,589
6,407	4,166	0,187	0,006	0,08	0,65	0,102	0,678
7,315	4,528	0,204	0,023	0,087	0,5	0,06	0,49
28,298	3,829	0,393	0,029	0,15	0,83	0,081	1,719
16,272	6,287	0,263	0,005	0,051	0,28	0,062	0,648
5,044	3,431	0,352	0,025	0,056	1,9	0,077	0,513
4,427	5,5	0,526	0,021	0,055	1,8	0,06	0,5
4,816	3,446	0,213	0,013	0,047	1,5	0,088	0,632
10,417	9,258	0,569	0,023	0,09	2,1	0,071	0,729
3,64	15,524	0,779	0,03	0,096	0,43	0,072	0,648
3,053	10,693	0,917	0,026	0,069	1,8	0,102	0,508
0,77	8,127	0,48	0,023	0,052	1,9	0,068	0,622
2,469	7,026	0,305	0,018	0,055	1,9	0,059	0,551
3,455	12,446	0,238	0,02	0,072	1,9	0,068	0,592
1,707	20,984	0,254	0,029	0,081	0,1	0,057	0,703
0,54	35,284	0,196	0,009	0,062	1,8	0,104	0,496
0,974	22,899	0,281	0,023	0,061	1,7	0,089	0,521
0,735	30,036	0,37	0,014	0,055	0,22	0,102	0,488
1,201	30,207	0,209	0,01	0,05	0,16	0,091	0,459
0,15	1,176	0,16	0,003	0,013	1,1	0,063	0,407
0,039	1,989	0,178	0,005	0,008	1,1	0,066	0,344
0,137	1,714	0,045	0,002	0,011	1,2	0,102	0,378
0,041	0,623	0,27	0,003	0,026	2,1	0,284	0,416
0,105	1,66	0,116	0,004	0,016	1,6	1,031	0,469
0,182	5,017	0,133	0,002	0,031	1,5	0,171	0,479
0,343	5,225	0,216	0,002	0,027	1,7	0,096	0,484
0,26	7,139	0,534	0,005	0,028	1,1	0,104	0,466
1,796	4,234	0,727	0,002	0,047	1,8	0,137	0,503
2,021	2,534	0,628	0,005	0,034	1,3	0,202	0,518
0,862	1,544	0,064	0,003	0,024	1,4	0,067	0,433
2,225	3,194	0,108	0,002	0,025	1,4	0,068	0,432
2,258	2,007	0,175	0,005	0,034	1,4	0,062	0,428
10,972	2,509	0,313	0,006	0,052	1,9	0,062	0,468
1,041	0,85	0,236	0,002	0,03	1,5	0,085	0,395
4,434	1,633	0,086	0,014	0,044	1,4	0,152	0,418
4,163	1,462	0,118	0,004	0,026	0,93	0,12	0,36
4,273	1,542	0,05	0,007	0,026	1,7	0,182	0,338
13,45	1,494	0,263	0,025	0,061	1,6	0,53	0,57
12,078	1,817	0,392	0,014	0,05	1,6	0,209	0,621
2,001	5,451	0,099	0,006	0,038	0,44	0,085	0,375
2,011	10,933	0,145	0,006	0,044	0,28	0,097	0,403
5,808	9,3	0,188	0,004	0,041	0,25	0,092	0,378
7,952	7,295	0,126	0,015	0,06	0,11	0,107	0,533
11,723	3,15	0,49	0,006	0,037	0,52	0,11	0,56
5,202	3,632	0,064	0,015	0,024	0,57	0,09	0,49
5,59	3,219	0,205	0,012	0,021	0,25	0,092	0,448
10,576	5,718	0,133	0,013	0,03	0,49	0,109	0,661
5,154	2,098	0,276	0,058	0,1	2,1	0,102	0,768
8,577	4,688	0,13	0,008	0,025	0,46	0,095	0,465
10,645	3,383	0,23	0,021	0,07	1,1	0,101	0,469
7,008	4,4	0,132	0,026	0,077	0,4	0,112	0,488
5,812	5,721	0,189	0,022	0,064	0,43	0,094	0,436
2,367	17,363	0,139	0,02	0,063	1,2	0,119	0,641
4,003	3,839	0,166	0,015	0,05	0,72	0,092	0,608
3,666	2,223	0,22	0,02	0,051	0,8	0,14	0,61
10,648	8,005	0,189	0,007	0,053	0,11	0,093	0,547
6,426	8,883	0,204	0,008	0,041	0,16	0,095	0,485
0,196	1,037	0,108	0,012	0,02	0,56	0,19	0,55
0,039	2,56	0,189	0,012	0,023	0,37	0,078	0,542
0,075	1,951	0,123	0,003	0,021	0,1	0,065	0,385
0,205	1,961	0,052	0,002	0,021	0,6	0,064	0,416
0,028	3,287	0,04	0,002	0,024	0,28	0,077	0,443
0,328	8,714	0,138	0,013	0,055	0,1	0,36	0,61
0,088	2,554	0,057	0,003	0,027	0,47	0,367	0,493
0,553	2,08	0,15	0,003	0,021	0,18	0,078	0,392
0,702	5,803	0,087	0,004	0,029	0,1	0,079	0,551
0,59	1,584	0,645	0,012	0,042	0,16	0,086	0,604
1,779	1,672	0,122	0,021	0,069	0,28	0,186	0,574
1,827	0,73	0,188	0,005	0,029	0,37	0,204	0,586
1,425	0,464	0,337	0,002	0,032	0,23	0,088	0,422
2,484	0,366	0,146	0,004	0,035	0,23	0,08	0,47
2,834	0,895	0,315	0,002	0,032	0,13	0,096	0,474
5,608	1,958	0,06	0,013	0,057	0,42	0,096	0,674
3,674	0,061	0,281	0,002	0,019	0,42	0,076	0,434
2,505	9,636	0,275	0,026	0,081	0,2	0,076	0,564
3,647	2,877	0,511	0,02	0,064	0,1	0,085	0,495
4,19	1,274	0,321	0,029	0,07	0,2	0,079	0,461
10,123	3,096	0,037	0,025	0,1	0,4	0,082	0,708
8,949	3,236	0,126	0,003	0,051	0,17	0,135	0,605
5,453	1,298	0,165	0,019	0,065	1	0,067	0,513
4,308	3,194	0,432	0,021	0,071	1	0,075	0,425
5,744	2,023	0,256	0,023	0,066	0,6	0,068	0,422
5,317	8,753	0,407	0,03	0,12	2,3	0,171	0,699
3,53	8,517	0,419	0,015	0,063	0,6	0,073	0,417
4,725	6,991	0,168	0,019	0,062	0,2	0,063	0,517
3,021	4,592	0,138	0,017	0,052	0,1	0,053	0,497
11,636	2,204	0,169	0,011	0,063	0,8	0,138	0,612
2,564	2,359	0,317	0,012	0,048	1	0,109	0,531
2,964	2,547	0,125	0,015	0,07	1,1	0,092	1,008
6,483	1,405	0,106	0,014	0,06	0,7	0,119	0,501
1,915	9,555	0,268	0,018	0,078	0,6	0,056	0,594
1,17	7,122	0,105	0,023	0,08	2,3	0,079	0,551
0,883	10,145	0,319	0,055	0,12	1,5	0,08	0,63
2,567	5,993	0,111	0,006	0,051	1,5	0,653	0,547
2,212	17,613	0,133	0,039	0,14	0,7	0,059	0,761
2,711	7,435	0,365	0,026	0,095	1,6	0,066	0,524
2,188	4,297	0,145	0,012	0,056	0,1	0,074	0,496
3,363	4,215	0,142	0,011	0,067	0,3	0,053	0,807
1,074	9,532	0,112	0,011	0,063	0,2	0,062	0,518
7,913	3,493	0,087	0,008	0,043	0,8	0,08	0,47
2,032	3,33	0,115	0,018	0,068	1,1	0,138	0,622
1,784	8,658	0,18	0,11	0,27	0,4	0,057	1,243
1,501	9,423	0,103	0,022	0,085	2,1	1,194	0,606
